[gd_scene load_steps=17 format=3 uid="uid://bmw48ei0dff0i"]

[ext_resource type="PackedScene" uid="uid://jj8yuf0syk57" path="res://Scenes/managers/game_manager.tscn" id="1_0s671"]
[ext_resource type="Script" path="res://Scripts/Misc/SetGameState.gd" id="1_6nemj"]
[ext_resource type="Script" path="res://Scripts/Misc/VRToggler.gd" id="1_jd6j6"]
[ext_resource type="PackedScene" uid="uid://b3ocr5doqonyu" path="res://Scenes/foodtruck/food_truck.tscn" id="2_3dmfd"]
[ext_resource type="PackedScene" uid="uid://5s3oxlpup0wy" path="res://Scenes/player/player.tscn" id="2_rbjev"]
[ext_resource type="Script" uid="uid://bomqxx6mxqq83" path="res://Scripts/Enviornment/EnvironmentManager.gd" id="3_b0aln"]
[ext_resource type="PackedScene" uid="uid://dhgtt8fwfi87" path="res://Scenes/environment/chatter_player.tscn" id="5_xatkk"]
[ext_resource type="Script" uid="uid://14md2o3tq1pe" path="res://Scripts/Managers/CustomerManager.gd" id="5_xk452"]
[ext_resource type="PackedScene" uid="uid://ruvemr4few6r" path="res://Scenes/environment/clouds.tscn" id="6_12l6w"]
[ext_resource type="PackedScene" uid="uid://c52i2exeeb6uq" path="res://Scenes/environment/ground.tscn" id="6_ol0a8"]
[ext_resource type="PackedScene" uid="uid://cy0f52g70vccr" path="res://Scenes/environment/rain_area.tscn" id="7_5erac"]
[ext_resource type="PackedScene" uid="uid://ckcd8iqf1lith" path="res://Scenes/environment/lightning_manager.tscn" id="10_l18rm"]
[ext_resource type="PackedScene" uid="uid://hej1j74v6ddo" path="res://Scenes/environment/snow_area.tscn" id="10_pvt8g"]

[sub_resource type="ProceduralSkyMaterial" id="ProceduralSkyMaterial_r88qt"]

[sub_resource type="Sky" id="Sky_wvisd"]
sky_material = SubResource("ProceduralSkyMaterial_r88qt")

[sub_resource type="Environment" id="Environment_ge0im"]
background_mode = 2
sky = SubResource("Sky_wvisd")
tonemap_mode = 2
tonemap_exposure = 0.6
tonemap_white = 0.7
ssao_intensity = 6.0
glow_enabled = true

[node name="World" type="Node3D"]

[node name="SkySun" type="DirectionalLight3D" parent="."]
transform = Transform3D(0.410614, -0.492217, 0.767541, 0.176997, 0.868793, 0.462461, -0.894465, -0.0540407, 0.44386, 0, 0, 0)
directional_shadow_mode = 1
sky_mode = 2

[node name="LightSun" type="DirectionalLight3D" parent="."]
transform = Transform3D(0.410614, -0.492217, 0.76754, 0.176997, 0.868793, 0.462461, -0.894465, -0.0540406, 0.44386, 0, 0, 0)
shadow_enabled = true
shadow_normal_bias = 4.0
directional_shadow_mode = 1
sky_mode = 1
script = ExtResource("1_jd6j6")

[node name="WorldEnvironment" type="WorldEnvironment" parent="."]
environment = SubResource("Environment_ge0im")
script = ExtResource("3_b0aln")

[node name="GameManager" parent="." instance=ExtResource("1_0s671")]

[node name="Player" parent="." instance=ExtResource("2_rbjev")]
transform = Transform3D(-0.707107, 0, 0.707107, 0, 1, 0, -0.707107, 0, -0.707107, -1.44837, 1.64574, 1.84054)

[node name="FoodTruck" parent="." instance=ExtResource("2_3dmfd")]
transform = Transform3D(-0.707107, 0, -0.707107, 0, 1, 0, 0.707107, 0, -0.707107, -0.0296402, -0.0441494, -0.0324593)

[node name="Ground" parent="." instance=ExtResource("6_ol0a8")]
visible = false

[node name="CustomerManager" type="Node3D" parent="."]
transform = Transform3D(1, 0, 0, 0, 1, 0, 0, 0, 1, 14.8349, 0, 18.1658)
script = ExtResource("5_xk452")

[node name="ChatterPlayer" parent="." instance=ExtResource("5_xatkk")]

[node name="Clouds" parent="." node_paths=PackedStringArray("sun_light") instance=ExtResource("6_12l6w")]
transform = Transform3D(-0.707107, -6.18172e-08, 0.707107, 8.74228e-08, -1, 0, 0.707107, 6.18172e-08, 0.707107, 70, 40, 70)
sun_light = NodePath("../LightSun")

[node name="RainArea" parent="." instance=ExtResource("7_5erac")]
transform = Transform3D(0.707107, 0, 0.707107, 0, 1, 0, -0.707107, 0, 0.707107, 6.4, 0.2, 6.4)

[node name="SnowArea" parent="." instance=ExtResource("10_pvt8g")]
transform = Transform3D(0.707107, 0, 0.707107, 0, 1, 0, -0.707107, 0, 0.707107, 6.4, 0.2, 6.4)

[node name="LightningManager" parent="." instance=ExtResource("10_l18rm")]
transform = Transform3D(-0.707107, 0, -0.707107, 0, 1, 0, 0.707107, 0, -0.707107, 78.1132, 20, 69.9238)
spawn_range = Rect2(-20, -20, 40, 40)

[node name="WorldGameState" type="Node" parent="."]
script = ExtResource("1_6nemj")
