[gd_scene load_steps=30 format=3 uid="uid://mddvjei5ynrc"]

[ext_resource type="PackedScene" uid="uid://b1siu7y0wgssc" path="res://Assets/LowPoly_Environnment/Terrain_1.fbx" id="1_ftkrs"]
[ext_resource type="Shader" uid="uid://dgsm0n0q72c8u" path="res://Scripts/Shaders/SandShader.gdshader" id="2_frq0i"]
[ext_resource type="PackedScene" uid="uid://di82cc60lt66p" path="res://Assets/LowPoly_Environnment/Mounting_3.fbx" id="3_5x3gp"]
[ext_resource type="ArrayMesh" uid="uid://ustfhde5pav3" path="res://Assets/Buildings pack - Aug 2017/OBJ/House.obj" id="4_61x8g"]
[ext_resource type="Texture2D" uid="uid://cghp3427veyyj" path="res://Assets/Buildings pack - Aug 2017/Textures/Hotel.png" id="4_lyolv"]
[ext_resource type="ArrayMesh" uid="uid://b38oobq8ui4c2" path="res://Assets/Buildings pack - Aug 2017/OBJ/House4.obj" id="5_1doys"]
[ext_resource type="Texture2D" uid="uid://dpsaeqby4w8s1" path="res://Assets/Buildings pack - Aug 2017/Textures/HouseTexture2.png" id="6_lyolv"]
[ext_resource type="PackedScene" uid="uid://dgfpnjnpl7g3h" path="res://Assets/LowPoly_Environnment/Grass_2.fbx" id="8_bjp0h"]
[ext_resource type="PackedScene" uid="uid://c2fuyutefkgkm" path="res://Assets/LowPoly_Environnment/Grass_1.fbx" id="9_ma4oe"]
[ext_resource type="PackedScene" uid="uid://ciu5wbfc4j3io" path="res://Assets/LowPoly_Environnment/Plant_1.fbx" id="10_yvm7j"]

[sub_resource type="ProceduralSkyMaterial" id="ProceduralSkyMaterial_j1gdl"]

[sub_resource type="Sky" id="Sky_ftkrs"]
sky_material = SubResource("ProceduralSkyMaterial_j1gdl")

[sub_resource type="Environment" id="Environment_frq0i"]
background_mode = 2
sky = SubResource("Sky_ftkrs")

[sub_resource type="Gradient" id="Gradient_x6tu0"]
colors = PackedColorArray(1, 1, 1, 1, 0, 0, 0, 1)

[sub_resource type="FastNoiseLite" id="FastNoiseLite_43k67"]
noise_type = 2
frequency = 0.0339

[sub_resource type="NoiseTexture2D" id="NoiseTexture2D_mkuei"]
seamless = true
color_ramp = SubResource("Gradient_x6tu0")
noise = SubResource("FastNoiseLite_43k67")

[sub_resource type="Gradient" id="Gradient_fqx5y"]

[sub_resource type="FastNoiseLite" id="FastNoiseLite_ukprn"]
seed = 1

[sub_resource type="NoiseTexture2D" id="NoiseTexture2D_8ppr1"]
seamless = true
color_ramp = SubResource("Gradient_fqx5y")
noise = SubResource("FastNoiseLite_ukprn")

[sub_resource type="ShaderMaterial" id="ShaderMaterial_5x3gp"]
render_priority = 0
shader = ExtResource("2_frq0i")
shader_parameter/min_base_color = Color(0.596516, 0.553204, 0.401238, 1)
shader_parameter/max_base_color = Color(0.996078, 0.945098, 0.8, 1)
shader_parameter/grain_noise_high = SubResource("NoiseTexture2D_mkuei")
shader_parameter/high_noise_scale = 1.5
shader_parameter/high_noise_weight = 3.0
shader_parameter/grain_noise_low = SubResource("NoiseTexture2D_8ppr1")
shader_parameter/low_noise_scale = 0.25
shader_parameter/low_noise_weight = 1.0

[sub_resource type="ShaderMaterial" id="ShaderMaterial_61x8g"]
render_priority = 0
shader = ExtResource("2_frq0i")
shader_parameter/min_base_color = Color(0.596516, 0.553204, 0.401238, 1)
shader_parameter/max_base_color = Color(0.996078, 0.945098, 0.607843, 1)
shader_parameter/grain_noise_high = SubResource("NoiseTexture2D_mkuei")
shader_parameter/high_noise_scale = 1.5
shader_parameter/high_noise_weight = 3.0
shader_parameter/grain_noise_low = SubResource("NoiseTexture2D_8ppr1")
shader_parameter/low_noise_scale = 0.25
shader_parameter/low_noise_weight = 1.0

[sub_resource type="Shader" id="Shader_ftkrs"]
code = "// NOTE: Shader automatically converted from Godot Engine 4.4.1.stable's StandardMaterial3D.

shader_type spatial;
render_mode blend_mix, depth_draw_always, cull_back, diffuse_burley, specular_schlick_ggx;

uniform vec4 albedo : source_color;
uniform sampler2D texture_albedo : source_color, filter_linear_mipmap, repeat_enable;
uniform ivec2 albedo_texture_size;
uniform float point_size : hint_range(0.1, 128.0, 0.1);

uniform float roughness : hint_range(0.0, 1.0);
uniform sampler2D texture_metallic : hint_default_white, filter_linear_mipmap, repeat_enable;
uniform vec4 metallic_texture_channel;
uniform sampler2D texture_roughness : hint_roughness_r, filter_linear_mipmap, repeat_enable;

uniform float specular : hint_range(0.0, 1.0, 0.01);
uniform float metallic : hint_range(0.0, 1.0, 0.01);

uniform sampler2D texture_normal : hint_roughness_normal, filter_linear_mipmap, repeat_enable;
uniform float normal_scale : hint_range(-16.0, 16.0);
varying vec3 uv1_triplanar_pos;

uniform float uv1_blend_sharpness : hint_range(0.0, 150.0, 0.001);
varying vec3 uv1_power_normal;

uniform vec3 uv1_scale;
uniform vec3 uv1_offset;
uniform vec3 uv2_scale;
uniform vec3 uv2_offset;

void vertex() {
	vec3 normal = MODEL_NORMAL_MATRIX * NORMAL;

	TANGENT = vec3(0.0, 0.0, -1.0) * abs(normal.x);
	TANGENT += vec3(1.0, 0.0, 0.0) * abs(normal.y);
	TANGENT += vec3(1.0, 0.0, 0.0) * abs(normal.z);
	TANGENT = inverse(MODEL_NORMAL_MATRIX) * normalize(TANGENT);

	BINORMAL = vec3(0.0, 1.0, 0.0) * abs(normal.x);
	BINORMAL += vec3(0.0, 0.0, -1.0) * abs(normal.y);
	BINORMAL += vec3(0.0, 1.0, 0.0) * abs(normal.z);
	BINORMAL = inverse(MODEL_NORMAL_MATRIX) * normalize(BINORMAL);

	// UV1 Triplanar: Enabled (with World Triplanar)
	uv1_power_normal = pow(abs(normal), vec3(uv1_blend_sharpness));
	uv1_triplanar_pos = (MODEL_MATRIX * vec4(VERTEX, 1.0)).xyz * uv1_scale + uv1_offset * TIME * 0.01;
	uv1_power_normal /= dot(uv1_power_normal, vec3(1.0));
	uv1_triplanar_pos *= vec3(1.0, -1.0, 1.0);
}

vec4 triplanar_texture(sampler2D p_sampler, vec3 p_weights, vec3 p_triplanar_pos) {
	vec4 samp = vec4(0.0);
	samp += texture(p_sampler, p_triplanar_pos.xy) * p_weights.z;
	samp += texture(p_sampler, p_triplanar_pos.xz) * p_weights.y;
	samp += texture(p_sampler, p_triplanar_pos.zy * vec2(-1.0, 1.0)) * p_weights.x;
	return samp;
}

void fragment() {
	vec4 albedo_tex = triplanar_texture(texture_albedo, uv1_power_normal, uv1_triplanar_pos);
	ALBEDO = albedo.rgb * albedo_tex.rgb;

	float metallic_tex = dot(triplanar_texture(texture_metallic, uv1_power_normal, uv1_triplanar_pos), metallic_texture_channel);
	METALLIC = metallic_tex * metallic;
	SPECULAR = specular;

	vec4 roughness_texture_channel = vec4(1.0, 0.0, 0.0, 0.0);
	float roughness_tex = dot(triplanar_texture(texture_roughness, uv1_power_normal, uv1_triplanar_pos), roughness_texture_channel);
	ROUGHNESS = roughness_tex * roughness;

	// Normal Map: Enabled
	NORMAL_MAP = triplanar_texture(texture_normal, uv1_power_normal, uv1_triplanar_pos).rgb;
	NORMAL_MAP_DEPTH = normal_scale;
	ALPHA *= albedo.a * albedo_tex.a;
}
"

[sub_resource type="FastNoiseLite" id="FastNoiseLite_ftkrs"]

[sub_resource type="NoiseTexture2D" id="NoiseTexture2D_frq0i"]
seamless = true
as_normal_map = true
noise = SubResource("FastNoiseLite_ftkrs")

[sub_resource type="ShaderMaterial" id="ShaderMaterial_frq0i"]
render_priority = 0
shader = SubResource("Shader_ftkrs")
shader_parameter/albedo = Color(0, 0.368627, 0.878431, 0.85098)
shader_parameter/albedo_texture_size = Vector2i(0, 0)
shader_parameter/point_size = 1.0
shader_parameter/roughness = 0.0
shader_parameter/metallic_texture_channel = Vector4(1, 0, 0, 0)
shader_parameter/specular = 0.5
shader_parameter/metallic = 0.0
shader_parameter/texture_normal = SubResource("NoiseTexture2D_frq0i")
shader_parameter/normal_scale = 1.0
shader_parameter/uv1_blend_sharpness = 1.0
shader_parameter/uv1_scale = Vector3(0.04, 0.04, 0.04)
shader_parameter/uv1_offset = Vector3(0, 0, 0)
shader_parameter/uv2_scale = Vector3(1, 1, 1)
shader_parameter/uv2_offset = Vector3(0, 0, 0)

[sub_resource type="BoxMesh" id="BoxMesh_ftkrs"]
material = SubResource("ShaderMaterial_frq0i")
size = Vector3(200, 50, 200)

[sub_resource type="BoxShape3D" id="BoxShape3D_5x3gp"]
size = Vector3(300, 3, 300)

[sub_resource type="StandardMaterial3D" id="StandardMaterial3D_08a4x"]
albedo_texture = ExtResource("4_lyolv")

[sub_resource type="StandardMaterial3D" id="StandardMaterial3D_fx82u"]
albedo_texture = ExtResource("6_lyolv")

[node name="Town3" type="Node3D"]

[node name="WorldEnvironment" type="WorldEnvironment" parent="."]
environment = SubResource("Environment_frq0i")

[node name="Terrain_1" parent="." instance=ExtResource("1_ftkrs")]
transform = Transform3D(9.98881, 0, -0.472982, 0, 10, 0, 0.472982, 0, 9.98881, -11.2753, -19.6853, 53.7977)

[node name="Terrain_1" parent="Terrain_1" index="0"]
surface_material_override/0 = SubResource("ShaderMaterial_5x3gp")
surface_material_override/1 = SubResource("ShaderMaterial_61x8g")

[node name="Water" type="Node3D" parent="."]
transform = Transform3D(0.998881, 0, -0.0472982, 0, 1, 0, 0.0472982, 0, 0.998881, -11.7958, -35.8168, 53.1841)

[node name="MeshInstance3D" type="MeshInstance3D" parent="Water"]
transform = Transform3D(1, 0, -1.49012e-08, 0, 1, 0, 1.49012e-08, 0, 1, 85.5744, 10.2759, -1.58992)
mesh = SubResource("BoxMesh_ftkrs")

[node name="Ground" type="StaticBody3D" parent="."]
transform = Transform3D(1, 0, 0, 0, 1, 0, 0, 0, 1, 0, -2.55547, 0)

[node name="CollisionShape3D" type="CollisionShape3D" parent="Ground"]
shape = SubResource("BoxShape3D_5x3gp")

[node name="Mounting_3" parent="." instance=ExtResource("3_5x3gp")]
transform = Transform3D(-5.24314, 0, 2.9171, 0, 6, 0, -2.9171, 0, -5.24314, -86.7086, -6.32023, 128.052)

[node name="House" type="MeshInstance3D" parent="."]
transform = Transform3D(-8.38682, 0, 3.26516, 0, 9, 0, -3.26516, 0, -8.38682, -29.1487, 0.378749, 105.843)
material_override = SubResource("StandardMaterial3D_08a4x")
mesh = ExtResource("4_61x8g")

[node name="House4" type="MeshInstance3D" parent="."]
transform = Transform3D(-7.743, 0, 4.58759, 0, 9, 0, -4.58759, 0, -7.743, -43.2915, -1.05474, 96.0537)
material_override = SubResource("StandardMaterial3D_fx82u")
mesh = ExtResource("5_1doys")

[node name="Grass" type="Node3D" parent="."]

[node name="Grass_786" parent="Grass" instance=ExtResource("8_bjp0h")]
transform = Transform3D(-0.709571, 0, -0.704634, 0, 1, 0, 0.704634, 0, -0.709571, -21.8504, 0.127798, 44.3154)

[node name="Grass_791" parent="Grass" instance=ExtResource("9_ma4oe")]
transform = Transform3D(0.501194, 0, 0.865335, 0, 1, 0, -0.865335, 0, 0.501194, -22.0449, 0.144487, 43.1313)

[node name="Grass_1467" parent="Grass" instance=ExtResource("8_bjp0h")]
transform = Transform3D(0.96971, 0, 0.244258, 0, 1, 0, -0.244258, 0, 0.96971, -32.3043, 0.162003, 36.0668)

[node name="Grass_1469" parent="Grass" instance=ExtResource("9_ma4oe")]
transform = Transform3D(0.311058, 0, 0.950391, 0, 1, 0, -0.950391, 0, 0.311058, -32.6777, 0.135283, 37.2353)

[node name="Grass_1470" parent="Grass" instance=ExtResource("9_ma4oe")]
transform = Transform3D(-0.45455, 0, 0.890721, 0, 1, 0, -0.890721, 0, -0.45455, -32.4989, 0.135283, 36.6891)

[node name="Plant_184" parent="Grass" instance=ExtResource("10_yvm7j")]
transform = Transform3D(0.311058, 0, 0.950391, 0, 1, 0, -0.950391, 0, 0.311058, -33.3724, 0.164581, 38.3841)

[node name="Grass_1473" parent="Grass" instance=ExtResource("8_bjp0h")]
transform = Transform3D(0.807928, 0, 0.589281, 0, 1, 0, -0.589281, 0, 0.807928, -30.6892, 0.132315, 34.502)

[node name="Grass_1474" parent="Grass" instance=ExtResource("8_bjp0h")]
transform = Transform3D(0.553653, 0, -0.832747, 0, 1, 0, 0.832747, 0, 0.553653, -30.2208, 0.118594, 33.3432)

[node name="Grass_1475" parent="Grass" instance=ExtResource("8_bjp0h")]
transform = Transform3D(0.929564, 0, -0.36866, 0, 1, 0, 0.36866, 0, 0.929564, -29.5217, 0.162003, 34.8008)

[node name="Grass_1476" parent="Grass" instance=ExtResource("8_bjp0h")]
transform = Transform3D(-0.5711, 0, 0.82088, 0, 1, 0, -0.82088, 0, -0.5711, -31.982, 0.133433, 34.6277)

[node name="Grass_1477" parent="Grass" instance=ExtResource("9_ma4oe")]
transform = Transform3D(0.807928, 0, 0.589281, 0, 1, 0, -0.589281, 0, 0.807928, -30.5078, 0.135283, 35.5306)

[node name="Grass_1478" parent="Grass" instance=ExtResource("9_ma4oe")]
transform = Transform3D(0.151865, 0, 0.988401, 0, 1, 0, -0.988401, 0, 0.151865, -30.0435, 0.135283, 35.192)

[node name="Plant_185" parent="Grass" instance=ExtResource("10_yvm7j")]
transform = Transform3D(0.807928, 0, 0.589281, 0, 1, 0, -0.589281, 0, 0.807928, -31.743, 0.164581, 36.0566)

[node name="Grass_1480" parent="Grass" instance=ExtResource("8_bjp0h")]
transform = Transform3D(0.807928, 0, 0.589281, 0, 1, 0, -0.589281, 0, 0.807928, -30.5793, 0.177351, 36.6491)

[node name="Grass_1485" parent="Grass" instance=ExtResource("9_ma4oe")]
transform = Transform3D(-0.458634, 0, 0.888625, 0, 1, 0, -0.888625, 0, -0.458634, -33.5131, 0.135283, 37.2604)

[node name="Plant_186" parent="Grass" instance=ExtResource("10_yvm7j")]
transform = Transform3D(-0.458634, 0, 0.888625, 0, 1, 0, -0.888625, 0, -0.458634, -33.1825, 0.164581, 38.5615)

[node name="Grass_1488" parent="Grass" instance=ExtResource("8_bjp0h")]
transform = Transform3D(-0.458634, 0, 0.888625, 0, 1, 0, -0.888625, 0, -0.458634, -32.4188, 0.177351, 37.5023)

[node name="Grass_1505" parent="Grass" instance=ExtResource("8_bjp0h")]
transform = Transform3D(0.807928, 0, 0.589281, 0, 1, 0, -0.589281, 0, 0.807928, -26.5233, 0.132315, 36.3657)

[node name="Grass_1506" parent="Grass" instance=ExtResource("8_bjp0h")]
transform = Transform3D(0.553653, 0, -0.832747, 0, 1, 0, 0.832747, 0, 0.553653, -26.0549, 0.118594, 35.207)

[node name="Grass_1507" parent="Grass" instance=ExtResource("8_bjp0h")]
transform = Transform3D(0.929564, 0, -0.36866, 0, 1, 0, 0.36866, 0, 0.929564, -25.3558, 0.162003, 36.6646)

[node name="Grass_1508" parent="Grass" instance=ExtResource("8_bjp0h")]
transform = Transform3D(-0.5711, 0, 0.82088, 0, 1, 0, -0.82088, 0, -0.5711, -27.8161, 0.133433, 36.4915)

[node name="Grass_1509" parent="Grass" instance=ExtResource("9_ma4oe")]
transform = Transform3D(0.807928, 0, 0.589281, 0, 1, 0, -0.589281, 0, 0.807928, -26.3419, 0.135283, 37.3944)

[node name="Grass_1510" parent="Grass" instance=ExtResource("9_ma4oe")]
transform = Transform3D(0.151865, 0, 0.988401, 0, 1, 0, -0.988401, 0, 0.151865, -25.8775, 0.135283, 37.0557)

[node name="Grass_1511" parent="Grass" instance=ExtResource("9_ma4oe")]
transform = Transform3D(-0.751713, 0, 0.65949, 0, 1, 0, -0.65949, 0, -0.751713, -27.2543, 0.135283, 35.1681)

[node name="Plant_189" parent="Grass" instance=ExtResource("10_yvm7j")]
transform = Transform3D(0.807928, 0, 0.589281, 0, 1, 0, -0.589281, 0, 0.807928, -27.577, 0.164581, 37.9203)

[node name="Grass_1512" parent="Grass" instance=ExtResource("8_bjp0h")]
transform = Transform3D(0.807928, 0, 0.589281, 0, 1, 0, -0.589281, 0, 0.807928, -26.4134, 0.177351, 38.5129)

[node name="Grass_1521" parent="Grass" instance=ExtResource("8_bjp0h")]
transform = Transform3D(-0.0378471, 0, 0.999284, 0, 1, 0, -0.999284, 0, -0.0378471, -31.4892, 0.132315, 35.036)

[node name="Grass_1523" parent="Grass" instance=ExtResource("8_bjp0h")]
transform = Transform3D(0.824818, 0, 0.565399, 0, 1, 0, -0.565399, 0, 0.824818, -30.5895, 0.162003, 34.2343)

[node name="Grass_1524" parent="Grass" instance=ExtResource("8_bjp0h")]
transform = Transform3D(-0.999879, 0, -0.0155328, 0, 1, 0, 0.0155328, 0, -0.999879, -32.1066, 0.133433, 36.1788)

[node name="Grass_1525" parent="Grass" instance=ExtResource("9_ma4oe")]
transform = Transform3D(-0.0378471, 0, 0.999284, 0, 1, 0, -0.999284, 0, -0.0378471, -30.5345, 0.135283, 35.4598)

[node name="Grass_1526" parent="Grass" instance=ExtResource("9_ma4oe")]
transform = Transform3D(-0.735246, 0, 0.6778, 0, 1, 0, -0.6778, 0, -0.735246, -30.5563, 0.135283, 34.8855)

[node name="Plant_191" parent="Grass" instance=ExtResource("10_yvm7j")]
transform = Transform3D(-0.0378471, 0, 0.999284, 0, 1, 0, -0.999284, 0, -0.0378471, -30.7877, 0.164581, 36.7782)

[node name="Grass_1528" parent="Grass" instance=ExtResource("8_bjp0h")]
transform = Transform3D(-0.0378471, 0, 0.999284, 0, 1, 0, -0.999284, 0, -0.0378471, -29.6465, 0.177351, 36.1435)

[node name="Grass_1529" parent="Grass" instance=ExtResource("8_bjp0h")]
transform = Transform3D(-0.0378471, 0, 0.999284, 0, 1, 0, -0.999284, 0, -0.0378471, -29.3287, 0.132315, 33.4602)

[node name="Grass_1530" parent="Grass" instance=ExtResource("8_bjp0h")]
transform = Transform3D(0.999985, 0, -0.0055677, 0, 1, 0, 0.0055677, 0, 0.999985, -30.0286, 0.118594, 32.4247)

[node name="Grass_1531" parent="Grass" instance=ExtResource("8_bjp0h")]
transform = Transform3D(0.824818, 0, 0.565399, 0, 1, 0, -0.565399, 0, 0.824818, -28.429, 0.162003, 32.6584)

[node name="Grass_1532" parent="Grass" instance=ExtResource("8_bjp0h")]
transform = Transform3D(-0.999879, 0, -0.0155328, 0, 1, 0, 0.0155328, 0, -0.999879, -29.9461, 0.133433, 34.603)

[node name="Grass_1533" parent="Grass" instance=ExtResource("9_ma4oe")]
transform = Transform3D(-0.0378471, 0, 0.999284, 0, 1, 0, -0.999284, 0, -0.0378471, -28.374, 0.135283, 33.8839)

[node name="Grass_1534" parent="Grass" instance=ExtResource("9_ma4oe")]
transform = Transform3D(-0.735246, 0, 0.6778, 0, 1, 0, -0.6778, 0, -0.735246, -28.3958, 0.135283, 33.3096)

[node name="Grass_1535" parent="Grass" instance=ExtResource("9_ma4oe")]
transform = Transform3D(-0.966814, 0, -0.255479, 0, 1, 0, 0.255479, 0, -0.966814, -30.7304, 0.135283, 33.3981)

[node name="Plant_192" parent="Grass" instance=ExtResource("10_yvm7j")]
transform = Transform3D(-0.0378471, 0, 0.999284, 0, 1, 0, -0.999284, 0, -0.0378471, -28.6272, 0.164581, 35.2023)

[node name="Grass_1536" parent="Grass" instance=ExtResource("8_bjp0h")]
transform = Transform3D(-0.0378471, 0, 0.999284, 0, 1, 0, -0.999284, 0, -0.0378471, -27.486, 0.177351, 34.5677)

[node name="Grass_1537" parent="Grass" instance=ExtResource("8_bjp0h")]
transform = Transform3D(-0.457051, 0, -0.88944, 0, 1, 0, 0.88944, 0, -0.457051, -29.7232, 0.132315, 35.1942)

[node name="Grass_1538" parent="Grass" instance=ExtResource("8_bjp0h")]
transform = Transform3D(-0.868761, 0, 0.495231, 0, 1, 0, -0.495231, 0, -0.868761, -29.6211, 0.118594, 36.4399)

[node name="Grass_1539" parent="Grass" instance=ExtResource("8_bjp0h")]
transform = Transform3D(-0.996097, 0, -0.0882684, 0, 1, 0, 0.0882684, 0, -0.996097, -30.9005, 0.162003, 35.4517)

[node name="Grass_1540" parent="Grass" instance=ExtResource("8_bjp0h")]
transform = Transform3D(0.879017, 0, -0.476791, 0, 1, 0, 0.476791, 0, 0.879017, -28.6248, 0.133433, 34.501)

[node name="Grass_1541" parent="Grass" instance=ExtResource("9_ma4oe")]
transform = Transform3D(-0.457051, 0, -0.88944, 0, 1, 0, 0.88944, 0, -0.457051, -30.3475, 0.135283, 34.3567)

[node name="Grass_1542" parent="Grass" instance=ExtResource("9_ma4oe")]
transform = Transform3D(0.308386, 0, -0.951261, 0, 1, 0, 0.951261, 0, 0.308386, -30.6101, 0.135283, 34.8679)

[node name="Grass_1543" parent="Grass" instance=ExtResource("9_ma4oe")]
transform = Transform3D(0.967867, 0, -0.251461, 0, 1, 0, 0.251461, 0, 0.967867, -28.5321, 0.135283, 35.9357)

[node name="Plant_193" parent="Grass" instance=ExtResource("10_yvm7j")]
transform = Transform3D(-0.457051, 0, -0.88944, 0, 1, 0, 0.88944, 0, -0.457051, -29.4803, 0.164581, 33.3319)

[node name="Grass_1544" parent="Grass" instance=ExtResource("8_bjp0h")]
transform = Transform3D(-0.457051, 0, -0.88944, 0, 1, 0, 0.88944, 0, -0.457051, -30.7861, 0.177351, 33.3254)

[node name="Grass_1545" parent="Grass" instance=ExtResource("8_bjp0h")]
transform = Transform3D(0.808976, 0, -0.587842, 0, 1, 0, 0.587842, 0, 0.808976, -27.5165, 0.132315, 30.9725)

[node name="Grass_1546" parent="Grass" instance=ExtResource("8_bjp0h")]
transform = Transform3D(-0.622405, 0, -0.782695, 0, 1, 0, 0.782695, 0, -0.622405, -26.2699, 0.118594, 31.0623)

[node name="Grass_1547" parent="Grass" instance=ExtResource("8_bjp0h")]
transform = Transform3D(-0.0652813, 0, -0.997867, 0, 1, 0, 0.997867, 0, -0.0652813, -27.4422, 0.162003, 32.1753)

[node name="Grass_1548" parent="Grass" instance=ExtResource("8_bjp0h")]
transform = Transform3D(0.605752, 0, 0.795653, 0, 1, 0, -0.795653, 0, 0.605752, -28.0333, 0.133433, 29.7809)

[node name="Grass_1549" parent="Grass" instance=ExtResource("9_ma4oe")]
transform = Transform3D(0.808976, 0, -0.587842, 0, 1, 0, 0.587842, 0, 0.808976, -28.4397, 0.135283, 31.4612)

[node name="Grass_1550" parent="Grass" instance=ExtResource("9_ma4oe")]
transform = Transform3D(0.987262, 0, 0.159106, 0, 1, 0, -0.159106, 0, 0.987262, -27.9747, 0.135283, 31.799)

[node name="Grass_1551" parent="Grass" instance=ExtResource("9_ma4oe")]
transform = Transform3D(0.396683, 0, 0.917956, 0, 1, 0, -0.917956, 0, 0.396683, -26.6014, 0.135283, 29.909)

[node name="Plant_194" parent="Grass" instance=ExtResource("10_yvm7j")]
transform = Transform3D(0.808976, 0, -0.587842, 0, 1, 0, 0.587842, 0, 0.808976, -29.3196, 0.164581, 30.4473)

[node name="Grass_1552" parent="Grass" instance=ExtResource("8_bjp0h")]
transform = Transform3D(0.808976, 0, -0.587842, 0, 1, 0, 0.587842, 0, 0.808976, -29.526, 0.177351, 31.7367)

[node name="Grass_1553" parent="Grass" instance=ExtResource("8_bjp0h")]
transform = Transform3D(0.482763, 0, -0.875751, 0, 1, 0, 0.875751, 0, 0.482763, -24.6893, 0.132315, 34.1511)

[node name="Grass_1554" parent="Grass" instance=ExtResource("8_bjp0h")]
transform = Transform3D(-0.895882, 0, -0.444291, 0, 1, 0, 0.444291, 0, -0.895882, -23.5988, 0.118594, 34.7618)

[node name="Grass_1555" parent="Grass" instance=ExtResource("8_bjp0h")]
transform = Transform3D(-0.48287, 0, -0.875692, 0, 1, 0, 0.875692, 0, -0.48287, -25.1329, 0.162003, 35.2716)

[node name="Grass_1556" parent="Grass" instance=ExtResource("8_bjp0h")]
transform = Transform3D(0.886309, 0, 0.463095, 0, 1, 0, -0.463095, 0, 0.886309, -24.6511, 0.133433, 32.8528)

[node name="Grass_1557" parent="Grass" instance=ExtResource("9_ma4oe")]
transform = Transform3D(0.482763, 0, -0.875751, 0, 1, 0, 0.875751, 0, 0.482763, -25.7326, 0.135283, 34.2015)

[node name="Grass_1558" parent="Grass" instance=ExtResource("9_ma4oe")]
transform = Transform3D(0.961382, 0, -0.275218, 0, 1, 0, 0.275218, 0, 0.961382, -25.4552, 0.135283, 34.7048)

[node name="Grass_1559" parent="Grass" instance=ExtResource("9_ma4oe")]
transform = Transform3D(0.748967, 0, 0.662607, 0, 1, 0, -0.662607, 0, 0.748967, -23.4091, 0.135283, 33.5769)

[node name="Plant_195" parent="Grass" instance=ExtResource("10_yvm7j")]
transform = Transform3D(0.482763, 0, -0.875751, 0, 1, 0, 0.875751, 0, 0.482763, -26.0987, 0.164581, 32.9099)

[node name="Grass_1560" parent="Grass" instance=ExtResource("8_bjp0h")]
transform = Transform3D(0.482763, 0, -0.875751, 0, 1, 0, 0.875751, 0, 0.482763, -26.8332, 0.177351, 33.9896)

[node name="Grass_1561" parent="Grass" instance=ExtResource("8_bjp0h")]
transform = Transform3D(0.482763, 0, -0.875751, 0, 1, 0, 0.875751, 0, 0.482763, -25.9115, 0.132315, 36.5296)

[node name="Grass_1562" parent="Grass" instance=ExtResource("8_bjp0h")]
transform = Transform3D(-0.895882, 0, -0.444291, 0, 1, 0, 0.444291, 0, -0.895882, -24.821, 0.118594, 37.1403)

[node name="Grass_1563" parent="Grass" instance=ExtResource("8_bjp0h")]
transform = Transform3D(-0.48287, 0, -0.875692, 0, 1, 0, 0.875692, 0, -0.48287, -26.3551, 0.162003, 37.6501)

[node name="Grass_1564" parent="Grass" instance=ExtResource("8_bjp0h")]
transform = Transform3D(0.886309, 0, 0.463095, 0, 1, 0, -0.463095, 0, 0.886309, -25.8734, 0.133433, 35.2313)

[node name="Grass_1565" parent="Grass" instance=ExtResource("9_ma4oe")]
transform = Transform3D(0.482763, 0, -0.875751, 0, 1, 0, 0.875751, 0, 0.482763, -26.9548, 0.135283, 36.58)

[node name="Grass_1566" parent="Grass" instance=ExtResource("9_ma4oe")]
transform = Transform3D(0.961382, 0, -0.275218, 0, 1, 0, 0.275218, 0, 0.961382, -26.6774, 0.135283, 37.0833)

[node name="Grass_1567" parent="Grass" instance=ExtResource("9_ma4oe")]
transform = Transform3D(0.748967, 0, 0.662607, 0, 1, 0, -0.662607, 0, 0.748967, -24.6314, 0.135283, 35.9554)

[node name="Plant_196" parent="Grass" instance=ExtResource("10_yvm7j")]
transform = Transform3D(0.482763, 0, -0.875751, 0, 1, 0, 0.875751, 0, 0.482763, -27.3209, 0.164581, 35.2884)

[node name="Grass_1568" parent="Grass" instance=ExtResource("8_bjp0h")]
transform = Transform3D(0.482763, 0, -0.875751, 0, 1, 0, 0.875751, 0, 0.482763, -28.0554, 0.177351, 36.3681)

[node name="Grass_1577" parent="Grass" instance=ExtResource("8_bjp0h")]
transform = Transform3D(0.997669, 0, 0.0682415, 0, 1, 0, -0.0682415, 0, 0.997669, -32.1629, 0.132315, 37.118)

[node name="Grass_1578" parent="Grass" instance=ExtResource("8_bjp0h")]
transform = Transform3D(0.0248682, 0, -0.999691, 0, 1, 0, 0.999691, 0, 0.0248682, -31.1492, 0.118594, 36.3869)

[node name="Grass_1583" parent="Grass" instance=ExtResource("9_ma4oe")]
transform = Transform3D(-0.284785, 0, 0.958591, 0, 1, 0, -0.958591, 0, -0.284785, -32.1434, 0.135283, 35.715)

[node name="Plant_198" parent="Grass" instance=ExtResource("10_yvm7j")]
transform = Transform3D(0.997669, 0, 0.0682415, 0, 1, 0, -0.0682415, 0, 0.997669, -33.8829, 0.164581, 37.8722)

[node name="Grass_1585" parent="Grass" instance=ExtResource("8_bjp0h")]
transform = Transform3D(0.932216, 0, -0.361901, 0, 1, 0, 0.361901, 0, 0.932216, -27.9549, 0.132315, 37.7417)

[node name="Grass_1586" parent="Grass" instance=ExtResource("8_bjp0h")]
transform = Transform3D(-0.402028, 0, -0.915627, 0, 1, 0, 0.915627, 0, -0.402028, -26.7266, 0.118594, 37.5104)

[node name="Grass_1588" parent="Grass" instance=ExtResource("8_bjp0h")]
transform = Transform3D(0.382619, 0, 0.923906, 0, 1, 0, -0.923906, 0, 0.382619, -28.7587, 0.133433, 36.7215)

[node name="Grass_1591" parent="Grass" instance=ExtResource("9_ma4oe")]
transform = Transform3D(0.149259, 0, 0.988798, 0, 1, 0, -0.988798, 0, 0.149259, -27.3415, 0.135283, 36.4799)

[node name="Plant_199" parent="Grass" instance=ExtResource("10_yvm7j")]
transform = Transform3D(0.932216, 0, -0.361901, 0, 1, 0, 0.361901, 0, 0.932216, -29.8323, 0.164581, 37.6941)

[node name="Grass_1599" parent="Grass" instance=ExtResource("9_ma4oe")]
transform = Transform3D(0.149259, 0, 0.988798, 0, 1, 0, -0.988798, 0, 0.149259, -26.7527, 0.135283, 39.0884)

[node name="Grass_1610" parent="Grass" instance=ExtResource("8_bjp0h")]
transform = Transform3D(0.370022, 0, -0.929023, 0, 1, 0, 0.929023, 0, 0.370022, -27.382, 0.118594, 38.1416)

[node name="Grass_1617" parent="Grass" instance=ExtResource("8_bjp0h")]
transform = Transform3D(0.99987, 0, -0.0161437, 0, 1, 0, 0.0161437, 0, 0.99987, -23.9161, 0.132315, 38.3046)

[node name="Grass_1620" parent="Grass" instance=ExtResource("8_bjp0h")]
transform = Transform3D(0.0384577, 0, 0.99926, 0, 1, 0, -0.99926, 0, 0.0384577, -25.0238, 0.133433, 37.6264)

[node name="Grass_1621" parent="Grass" instance=ExtResource("9_ma4oe")]
transform = Transform3D(0.99987, 0, -0.0161437, 0, 1, 0, 0.0161437, 0, 0.99987, -24.3907, 0.135283, 39.235)

[node name="Grass_1622" parent="Grass" instance=ExtResource("9_ma4oe")]
transform = Transform3D(0.716497, 0, 0.69759, 0, 1, 0, -0.69759, 0, 0.716497, -23.8161, 0.135283, 39.2443)

[node name="Grass_1623" parent="Grass" instance=ExtResource("9_ma4oe")]
transform = Transform3D(-0.202924, 0, 0.979195, 0, 1, 0, -0.979195, 0, -0.202924, -23.7784, 0.135283, 36.9083)

[node name="Plant_203" parent="Grass" instance=ExtResource("10_yvm7j")]
transform = Transform3D(0.99987, 0, -0.0161437, 0, 1, 0, 0.0161437, 0, 0.99987, -25.6935, 0.164581, 38.911)

[node name="Grass_1624" parent="Grass" instance=ExtResource("8_bjp0h")]
transform = Transform3D(0.99987, 0, -0.0161437, 0, 1, 0, 0.0161437, 0, 0.99987, -25.1214, 0.177351, 40.0848)

[node name="Grass_1625" parent="Grass" instance=ExtResource("8_bjp0h")]
transform = Transform3D(0.99987, 0, -0.0161437, 0, 1, 0, 0.0161437, 0, 0.99987, -22.4592, 0.132315, 40.547)

[node name="Grass_1626" parent="Grass" instance=ExtResource("8_bjp0h")]
transform = Transform3D(-0.0595331, 0, -0.998226, 0, 1, 0, 0.998226, 0, -0.0595331, -21.3874, 0.118594, 39.904)

[node name="Grass_1627" parent="Grass" instance=ExtResource("8_bjp0h")]
transform = Transform3D(0.520056, 0, -0.854132, 0, 1, 0, 0.854132, 0, 0.520056, -21.7071, 0.162003, 41.4887)

[node name="Grass_1628" parent="Grass" instance=ExtResource("8_bjp0h")]
transform = Transform3D(0.0384577, 0, 0.99926, 0, 1, 0, -0.99926, 0, 0.0384577, -23.5669, 0.133433, 39.8688)

[node name="Grass_1629" parent="Grass" instance=ExtResource("9_ma4oe")]
transform = Transform3D(0.99987, 0, -0.0161437, 0, 1, 0, 0.0161437, 0, 0.99987, -22.9338, 0.135283, 41.4774)

[node name="Grass_1630" parent="Grass" instance=ExtResource("9_ma4oe")]
transform = Transform3D(0.716497, 0, 0.69759, 0, 1, 0, -0.69759, 0, 0.716497, -22.3592, 0.135283, 41.4867)

[node name="Plant_204" parent="Grass" instance=ExtResource("10_yvm7j")]
transform = Transform3D(0.99987, 0, -0.0161437, 0, 1, 0, 0.0161437, 0, 0.99987, -24.2366, 0.164581, 41.1534)

[node name="Grass_1632" parent="Grass" instance=ExtResource("8_bjp0h")]
transform = Transform3D(0.99987, 0, -0.0161437, 0, 1, 0, 0.0161437, 0, 0.99987, -23.6645, 0.177351, 42.3273)

[node name="Grass_1665" parent="Grass" instance=ExtResource("8_bjp0h")]
transform = Transform3D(0.0408467, 0, -0.999165, 0, 1, 0, 0.999165, 0, 0.0408467, -27.2443, 0.132315, 27.1088)

[node name="Grass_1666" parent="Grass" instance=ExtResource("8_bjp0h")]
transform = Transform3D(-0.999997, 0, 0.00256568, 0, 1, 0, -0.00256568, 0, -0.999997, -26.5413, 0.118594, 28.1422)

[node name="Grass_1667" parent="Grass" instance=ExtResource("8_bjp0h")]
transform = Transform3D(-0.823117, 0, -0.567872, 0, 1, 0, 0.567872, 0, -0.823117, -28.1416, 0.162003, 27.9133)

[node name="Grass_1668" parent="Grass" instance=ExtResource("8_bjp0h")]
transform = Transform3D(0.999828, 0, 0.0185343, 0, 1, 0, -0.0185343, 0, 0.999828, -26.6303, 0.133433, 25.9642)

[node name="Grass_1669" parent="Grass" instance=ExtResource("9_ma4oe")]
transform = Transform3D(0.0408467, 0, -0.999165, 0, 1, 0, 0.999165, 0, 0.0408467, -28.2002, 0.135283, 26.688)

[node name="Grass_1670" parent="Grass" instance=ExtResource("9_ma4oe")]
transform = Transform3D(0.737277, 0, -0.67559, 0, 1, 0, 0.67559, 0, 0.737277, -28.1768, 0.135283, 27.2622)

[node name="Grass_1671" parent="Grass" instance=ExtResource("9_ma4oe")]
transform = Transform3D(0.966043, 0, 0.258381, 0, 1, 0, -0.258381, 0, 0.966043, -25.8424, 0.135283, 27.1667)

[node name="Plant_209" parent="Grass" instance=ExtResource("10_yvm7j")]
transform = Transform3D(0.0408467, 0, -0.999165, 0, 1, 0, 0.999165, 0, 0.0408467, -27.951, 0.164581, 25.3688)

[node name="Grass_1672" parent="Grass" instance=ExtResource("8_bjp0h")]
transform = Transform3D(0.0408467, 0, -0.999165, 0, 1, 0, 0.999165, 0, 0.0408467, -29.0903, 0.177351, 26.0069)

[node name="Plant_210" parent="Grass" instance=ExtResource("10_yvm7j")]
transform = Transform3D(0.993639, 0, -0.112614, 0, 1, 0, 0.112614, 0, 0.993639, -29.2334, 0.164581, 22.7799)

[node name="Grass_1681" parent="Grass" instance=ExtResource("8_bjp0h")]
transform = Transform3D(0.851764, 0, -0.523927, 0, 1, 0, 0.523927, 0, 0.851764, -23.3788, 0.132315, 23.7196)

[node name="Grass_1682" parent="Grass" instance=ExtResource("8_bjp0h")]
transform = Transform3D(-0.560408, 0, -0.828217, 0, 1, 0, 0.828217, 0, -0.560408, -22.129, 0.118594, 23.7133)

[node name="Grass_1683" parent="Grass" instance=ExtResource("8_bjp0h")]
transform = Transform3D(0.0116061, 0, -0.999932, 0, 1, 0, 0.999932, 0, 0.0116061, -23.2124, 0.162003, 24.9131)

[node name="Grass_1684" parent="Grass" instance=ExtResource("8_bjp0h")]
transform = Transform3D(0.542808, 0, 0.839857, 0, 1, 0, -0.839857, 0, 0.542808, -23.9857, 0.133433, 22.5712)

[node name="Grass_1685" parent="Grass" instance=ExtResource("9_ma4oe")]
transform = Transform3D(0.851764, 0, -0.523927, 0, 1, 0, 0.523927, 0, 0.851764, -24.2617, 0.135283, 24.2777)

[node name="Grass_1686" parent="Grass" instance=ExtResource("9_ma4oe")]
transform = Transform3D(0.972113, 0, 0.234514, 0, 1, 0, -0.234514, 0, 0.972113, -23.7722, 0.135283, 24.5788)

[node name="Grass_1687" parent="Grass" instance=ExtResource("9_ma4oe")]
transform = Transform3D(0.324958, 0, 0.945729, 0, 1, 0, -0.945729, 0, 0.324958, -22.5481, 0.135283, 22.5889)

[node name="Plant_211" parent="Grass" instance=ExtResource("10_yvm7j")]
transform = Transform3D(0.851764, 0, -0.523927, 0, 1, 0, 0.523927, 0, 0.851764, -25.217, 0.164581, 23.3345)

[node name="Grass_1688" parent="Grass" instance=ExtResource("8_bjp0h")]
transform = Transform3D(0.851764, 0, -0.523927, 0, 1, 0, 0.523927, 0, 0.851764, -25.3237, 0.177351, 24.636)

[node name="Grass_1689" parent="Grass" instance=ExtResource("8_bjp0h")]
transform = Transform3D(0.851764, 0, -0.523927, 0, 1, 0, 0.523927, 0, 0.851764, -23.2696, 0.132315, 26.3915)

[node name="Grass_1690" parent="Grass" instance=ExtResource("8_bjp0h")]
transform = Transform3D(-0.560408, 0, -0.828217, 0, 1, 0, 0.828217, 0, -0.560408, -22.0198, 0.118594, 26.3852)

[node name="Grass_1691" parent="Grass" instance=ExtResource("8_bjp0h")]
transform = Transform3D(0.0116061, 0, -0.999932, 0, 1, 0, 0.999932, 0, 0.0116061, -23.1031, 0.162003, 27.5851)

[node name="Grass_1692" parent="Grass" instance=ExtResource("8_bjp0h")]
transform = Transform3D(0.542808, 0, 0.839857, 0, 1, 0, -0.839857, 0, 0.542808, -23.8765, 0.133433, 25.2431)

[node name="Grass_1693" parent="Grass" instance=ExtResource("9_ma4oe")]
transform = Transform3D(0.851764, 0, -0.523927, 0, 1, 0, 0.523927, 0, 0.851764, -24.1525, 0.135283, 26.9497)

[node name="Grass_1694" parent="Grass" instance=ExtResource("9_ma4oe")]
transform = Transform3D(0.972113, 0, 0.234514, 0, 1, 0, -0.234514, 0, 0.972113, -23.663, 0.135283, 27.2508)

[node name="Grass_1695" parent="Grass" instance=ExtResource("9_ma4oe")]
transform = Transform3D(0.324958, 0, 0.945729, 0, 1, 0, -0.945729, 0, 0.324958, -22.4389, 0.135283, 25.2608)

[node name="Plant_212" parent="Grass" instance=ExtResource("10_yvm7j")]
transform = Transform3D(0.851764, 0, -0.523927, 0, 1, 0, 0.523927, 0, 0.851764, -25.1078, 0.164581, 26.0064)

[node name="Grass_1696" parent="Grass" instance=ExtResource("8_bjp0h")]
transform = Transform3D(0.851764, 0, -0.523927, 0, 1, 0, 0.523927, 0, 0.851764, -25.2145, 0.177351, 27.3079)

[node name="Grass_1697" parent="Grass" instance=ExtResource("8_bjp0h")]
transform = Transform3D(0.67247, 0, -0.740124, 0, 1, 0, 0.740124, 0, 0.67247, -25.2397, 0.132315, 33.5333)

[node name="Grass_1698" parent="Grass" instance=ExtResource("8_bjp0h")]
transform = Transform3D(-0.768619, 0, -0.639707, 0, 1, 0, 0.639707, 0, -0.768619, -24.0374, 0.118594, 33.8748)

[node name="Grass_1699" parent="Grass" instance=ExtResource("8_bjp0h")]
transform = Transform3D(-0.266919, 0, -0.963719, 0, 1, 0, 0.963719, 0, -0.266919, -25.4117, 0.162003, 34.726)

[node name="Grass_1700" parent="Grass" instance=ExtResource("8_bjp0h")]
transform = Transform3D(0.75495, 0, 0.655782, 0, 1, 0, -0.655782, 0, 0.75495, -25.5033, 0.133433, 32.2614)

[node name="Grass_1701" parent="Grass" instance=ExtResource("9_ma4oe")]
transform = Transform3D(0.67247, 0, -0.740124, 0, 1, 0, 0.740124, 0, 0.67247, -26.2429, 0.135283, 33.8239)

[node name="Grass_1702" parent="Grass" instance=ExtResource("9_ma4oe")]
transform = Transform3D(0.998984, 0, -0.0450666, 0, 1, 0, 0.0450666, 0, 0.998984, -25.8565, 0.135283, 34.2493)

[node name="Grass_1703" parent="Grass" instance=ExtResource("9_ma4oe")]
transform = Transform3D(0.575134, 0, 0.818059, 0, 1, 0, -0.818059, 0, 0.575134, -24.1273, 0.135283, 32.6782)

[node name="Plant_213" parent="Grass" instance=ExtResource("10_yvm7j")]
transform = Transform3D(0.67247, 0, -0.740124, 0, 1, 0, 0.740124, 0, 0.67247, -26.8983, 0.164581, 32.6522)

[node name="Grass_1704" parent="Grass" instance=ExtResource("8_bjp0h")]
transform = Transform3D(0.67247, 0, -0.740124, 0, 1, 0, 0.740124, 0, 0.67247, -27.3626, 0.177351, 33.8727)

[node name="Grass_1705" parent="Grass" instance=ExtResource("8_bjp0h")]
transform = Transform3D(0.834358, 0, 0.551224, 0, 1, 0, -0.551224, 0, 0.834358, -28.4184, 0.132315, 29.9853)

[node name="Grass_1706" parent="Grass" instance=ExtResource("8_bjp0h")]
transform = Transform3D(0.514484, 0, -0.8575, 0, 1, 0, 0.8575, 0, 0.514484, -27.8969, 0.118594, 28.8495)

[node name="Grass_1707" parent="Grass" instance=ExtResource("8_bjp0h")]
transform = Transform3D(0.911489, 0, -0.411324, 0, 1, 0, 0.411324, 0, 0.911489, -27.266, 0.162003, 30.3379)

[node name="Grass_1709" parent="Grass" instance=ExtResource("9_ma4oe")]
transform = Transform3D(0.834358, 0, 0.551224, 0, 1, 0, -0.551224, 0, 0.834358, -28.2848, 0.135283, 31.0212)

[node name="Grass_1710" parent="Grass" instance=ExtResource("9_ma4oe")]
transform = Transform3D(0.197486, 0, 0.980306, 0, 1, 0, -0.980306, 0, 0.197486, -27.8053, 0.135283, 30.7045)

[node name="Grass_1711" parent="Grass" instance=ExtResource("9_ma4oe")]
transform = Transform3D(-0.720357, 0, 0.693603, 0, 1, 0, -0.693603, 0, -0.720357, -29.0931, 0.135283, 28.7551)

[node name="Plant_214" parent="Grass" instance=ExtResource("10_yvm7j")]
transform = Transform3D(0.834358, 0, 0.551224, 0, 1, 0, -0.551224, 0, 0.834358, -29.543, 0.164581, 31.4894)

[node name="Grass_1712" parent="Grass" instance=ExtResource("8_bjp0h")]
transform = Transform3D(0.834358, 0, 0.551224, 0, 1, 0, -0.551224, 0, 0.834358, -28.408, 0.177351, 32.1352)

[node name="Grass_1713" parent="Grass" instance=ExtResource("8_bjp0h")]
transform = Transform3D(0.989473, 0, 0.144719, 0, 1, 0, -0.144719, 0, 0.989473, -24.4498, 0.132315, 28.4534)

[node name="Grass_1714" parent="Grass" instance=ExtResource("8_bjp0h")]
transform = Transform3D(0.101629, 0, -0.994822, 0, 1, 0, 0.994822, 0, 0.101629, -23.4953, 0.118594, 27.6466)

[node name="Grass_1715" parent="Grass" instance=ExtResource("8_bjp0h")]
transform = Transform3D(0.650535, 0, -0.759476, 0, 1, 0, 0.759476, 0, 0.650535, -23.5562, 0.162003, 29.2621)

[node name="Grass_1716" parent="Grass" instance=ExtResource("8_bjp0h")]
transform = Transform3D(-0.122597, 0, 0.992456, 0, 1, 0, -0.992456, 0, -0.122597, -25.6521, 0.133433, 27.9621)

[node name="Grass_1717" parent="Grass" instance=ExtResource("9_ma4oe")]
transform = Transform3D(0.989473, 0, 0.144719, 0, 1, 0, -0.144719, 0, 0.989473, -24.7688, 0.135283, 29.4481)

[node name="Grass_1718" parent="Grass" instance=ExtResource("9_ma4oe")]
transform = Transform3D(0.595103, 0, 0.803649, 0, 1, 0, -0.803649, 0, 0.595103, -24.2001, 0.135283, 29.3649)

[node name="Grass_1719" parent="Grass" instance=ExtResource("9_ma4oe")]
transform = Transform3D(-0.357618, 0, 0.933868, 0, 1, 0, -0.933868, 0, -0.357618, -24.5382, 0.135283, 27.0532)

[node name="Plant_215" parent="Grass" instance=ExtResource("10_yvm7j")]
transform = Transform3D(0.989473, 0, 0.144719, 0, 1, 0, -0.144719, 0, 0.989473, -26.1067, 0.164581, 29.3376)

[node name="Grass_1720" parent="Grass" instance=ExtResource("8_bjp0h")]
transform = Transform3D(0.989473, 0, 0.144719, 0, 1, 0, -0.144719, 0, 0.989473, -25.3534, 0.177351, 30.4043)

[node name="Grass_1721" parent="Grass" instance=ExtResource("8_bjp0h")]
transform = Transform3D(0.989473, 0, 0.144719, 0, 1, 0, -0.144719, 0, 0.989473, -22.6515, 0.132315, 30.4326)

[node name="Grass_1722" parent="Grass" instance=ExtResource("8_bjp0h")]
transform = Transform3D(0.101629, 0, -0.994822, 0, 1, 0, 0.994822, 0, 0.101629, -21.697, 0.118594, 29.6258)

[node name="Grass_1723" parent="Grass" instance=ExtResource("8_bjp0h")]
transform = Transform3D(0.650535, 0, -0.759476, 0, 1, 0, 0.759476, 0, 0.650535, -21.7579, 0.162003, 31.2413)

[node name="Grass_1724" parent="Grass" instance=ExtResource("8_bjp0h")]
transform = Transform3D(-0.122597, 0, 0.992456, 0, 1, 0, -0.992456, 0, -0.122597, -23.8539, 0.133433, 29.9413)

[node name="Grass_1725" parent="Grass" instance=ExtResource("9_ma4oe")]
transform = Transform3D(0.989473, 0, 0.144719, 0, 1, 0, -0.144719, 0, 0.989473, -22.9705, 0.135283, 31.4273)

[node name="Grass_1726" parent="Grass" instance=ExtResource("9_ma4oe")]
transform = Transform3D(0.595103, 0, 0.803649, 0, 1, 0, -0.803649, 0, 0.595103, -22.4018, 0.135283, 31.3441)

[node name="Grass_1727" parent="Grass" instance=ExtResource("9_ma4oe")]
transform = Transform3D(-0.357618, 0, 0.933868, 0, 1, 0, -0.933868, 0, -0.357618, -22.7399, 0.135283, 29.0324)

[node name="Plant_216" parent="Grass" instance=ExtResource("10_yvm7j")]
